version https://git-lfs.github.com/spec/v1
oid sha256:584ef2c1a3ca80722f652d34ea1b1e4e24e6840c745cff48c21175e1ac56def2
size 203448468
